[38;5;7;48;5;0m [38;5;7;48;5;0m [38;5;7;48;5;0m [38;5;7;48;5;0m [38;5;7;48;5;0m [38;5;7;48;5;0m [38;5;7;48;5;0m [38;5;7;48;5;0m [38;5;7;48;5;0m [38;5;7;48;5;0m [38;5;7;48;5;0m [38;5;7;48;5;0m [38;5;7;48;5;0m [38;5;7;48;5;0m [38;5;232;48;5;0m█[38;5;232;48;5;0m█[38;5;232;48;5;0m█[38;5;232;48;5;0m█[38;5;232;48;5;0m█[38;5;232;48;5;0m█[38;5;232;48;5;0m█[38;5;232;48;5;0m█[38;5;232;48;5;0m█[38;5;232;48;5;0m█[38;5;232;48;5;0m█[38;5;232;48;5;0m█[38;5;7;48;5;0m [38;5;7;48;5;0m [38;5;7;48;5;0m [38;5;7;48;5;0m [38;5;7;48;5;0m [38;5;7;48;5;0m [38;5;7;48;5;0m [38;5;7;48;5;0m [38;5;7;48;5;0m [38;5;7;48;5;0m [38;5;7;48;5;0m [38;5;7;48;5;0m [38;5;7;48;5;0m [38;5;7;48;5;0m 
[38;5;7;48;5;0m [38;5;7;48;5;0m [38;5;7;48;5;0m [38;5;7;48;5;0m [38;5;7;48;5;0m [38;5;7;48;5;0m [38;5;7;48;5;0m [38;5;7;48;5;0m [38;5;7;48;5;0m [38;5;7;48;5;0m [38;5;232;48;5;0m█[38;5;232;48;5;0m█[38;5;232;48;5;0m█[38;5;232;48;5;0m█[38;5;232;48;5;0m█[38;5;232;48;5;0m█[38;5;125;48;5;0m█[38;5;125;48;5;0m█[38;5;168;48;5;0m█[38;5;168;48;5;0m█[38;5;168;48;5;0m█[38;5;168;48;5;0m█[38;5;125;48;5;0m█[38;5;125;48;5;0m█[38;5;232;48;5;0m█[38;5;232;48;5;0m█[38;5;232;48;5;0m█[38;5;232;48;5;0m█[38;5;232;48;5;0m█[38;5;232;48;5;0m█[38;5;7;48;5;0m [38;5;7;48;5;0m [38;5;7;48;5;0m [38;5;7;48;5;0m [38;5;7;48;5;0m [38;5;7;48;5;0m [38;5;7;48;5;0m [38;5;7;48;5;0m [38;5;7;48;5;0m [38;5;7;48;5;0m 
[38;5;7;48;5;0m [38;5;7;48;5;0m [38;5;7;48;5;0m [38;5;7;48;5;0m [38;5;7;48;5;0m [38;5;7;48;5;0m [38;5;7;48;5;0m [38;5;7;48;5;0m [38;5;232;48;5;0m█[38;5;232;48;5;0m█[38;5;232;48;5;0m█[38;5;232;48;5;0m█[38;5;204;48;5;0m█[38;5;204;48;5;0m█[38;5;211;48;5;0m█[38;5;211;48;5;0m█[38;5;218;48;5;0m█[38;5;218;48;5;0m█[38;5;218;48;5;0m█[38;5;218;48;5;0m█[38;5;218;48;5;0m█[38;5;218;48;5;0m█[38;5;218;48;5;0m█[38;5;218;48;5;0m█[38;5;211;48;5;0m█[38;5;211;48;5;0m█[38;5;168;48;5;0m█[38;5;168;48;5;0m█[38;5;232;48;5;0m█[38;5;232;48;5;0m█[38;5;232;48;5;0m█[38;5;232;48;5;0m█[38;5;7;48;5;0m [38;5;7;48;5;0m [38;5;7;48;5;0m [38;5;7;48;5;0m [38;5;7;48;5;0m [38;5;7;48;5;0m [38;5;7;48;5;0m [38;5;7;48;5;0m 
[38;5;7;48;5;0m [38;5;7;48;5;0m [38;5;7;48;5;0m [38;5;7;48;5;0m [38;5;7;48;5;0m [38;5;7;48;5;0m [38;5;232;48;5;0m█[38;5;232;48;5;0m█[38;5;232;48;5;0m█[38;5;232;48;5;0m█[38;5;211;48;5;0m█[38;5;211;48;5;0m█[38;5;218;48;5;0m█[38;5;218;48;5;0m█[38;5;218;48;5;0m█[38;5;218;48;5;0m█[38;5;218;48;5;0m█[38;5;218;48;5;0m█[38;5;218;48;5;0m█[38;5;218;48;5;0m█[38;5;218;48;5;0m█[38;5;218;48;5;0m█[38;5;218;48;5;0m█[38;5;218;48;5;0m█[38;5;218;48;5;0m█[38;5;218;48;5;0m█[38;5;218;48;5;0m█[38;5;218;48;5;0m█[38;5;211;48;5;0m█[38;5;211;48;5;0m█[38;5;52;48;5;0m█[38;5;52;48;5;0m█[38;5;232;48;5;0m█[38;5;232;48;5;0m█[38;5;7;48;5;0m [38;5;7;48;5;0m [38;5;7;48;5;0m [38;5;7;48;5;0m [38;5;7;48;5;0m [38;5;7;48;5;0m 
[38;5;7;48;5;0m [38;5;7;48;5;0m [38;5;7;48;5;0m [38;5;7;48;5;0m [38;5;7;48;5;0m [38;5;7;48;5;0m [38;5;232;48;5;0m█[38;5;232;48;5;0m█[38;5;204;48;5;0m█[38;5;204;48;5;0m█[38;5;218;48;5;0m█[38;5;218;48;5;0m█[38;5;218;48;5;0m█[38;5;218;48;5;0m█[38;5;218;48;5;0m█[38;5;218;48;5;0m█[38;5;218;48;5;0m█[38;5;218;48;5;0m█[38;5;125;48;5;0m█[38;5;125;48;5;0m█[38;5;168;48;5;0m█[38;5;168;48;5;0m█[38;5;218;48;5;0m█[38;5;218;48;5;0m█[38;5;125;48;5;0m█[38;5;125;48;5;0m█[38;5;204;48;5;0m█[38;5;204;48;5;0m█[38;5;218;48;5;0m█[38;5;218;48;5;0m█[38;5;211;48;5;0m█[38;5;211;48;5;0m█[38;5;232;48;5;0m█[38;5;232;48;5;0m█[38;5;7;48;5;0m [38;5;7;48;5;0m [38;5;7;48;5;0m [38;5;7;48;5;0m [38;5;7;48;5;0m [38;5;7;48;5;0m 
[38;5;7;48;5;0m [38;5;7;48;5;0m [38;5;7;48;5;0m [38;5;7;48;5;0m [38;5;232;48;5;0m█[38;5;232;48;5;0m█[38;5;232;48;5;0m█[38;5;232;48;5;0m█[38;5;218;48;5;0m█[38;5;218;48;5;0m█[38;5;218;48;5;0m█[38;5;218;48;5;0m█[38;5;218;48;5;0m█[38;5;218;48;5;0m█[38;5;218;48;5;0m█[38;5;218;48;5;0m█[38;5;218;48;5;0m█[38;5;218;48;5;0m█[38;5;255;48;5;0m█[38;5;255;48;5;0m█[38;5;52;48;5;0m█[38;5;52;48;5;0m█[38;5;218;48;5;0m█[38;5;218;48;5;0m█[38;5;255;48;5;0m█[38;5;255;48;5;0m█[38;5;52;48;5;0m█[38;5;52;48;5;0m█[38;5;218;48;5;0m█[38;5;218;48;5;0m█[38;5;218;48;5;0m█[38;5;218;48;5;0m█[38;5;125;48;5;0m█[38;5;125;48;5;0m█[38;5;232;48;5;0m█[38;5;232;48;5;0m█[38;5;7;48;5;0m [38;5;7;48;5;0m [38;5;7;48;5;0m [38;5;7;48;5;0m 
[38;5;7;48;5;0m [38;5;7;48;5;0m [38;5;232;48;5;0m█[38;5;232;48;5;0m█[38;5;232;48;5;0m█[38;5;232;48;5;0m█[38;5;204;48;5;0m█[38;5;204;48;5;0m█[38;5;218;48;5;0m█[38;5;218;48;5;0m█[38;5;218;48;5;0m█[38;5;218;48;5;0m█[38;5;218;48;5;0m█[38;5;218;48;5;0m█[38;5;218;48;5;0m█[38;5;218;48;5;0m█[38;5;218;48;5;0m█[38;5;218;48;5;0m█[38;5;125;48;5;0m█[38;5;125;48;5;0m█[38;5;232;48;5;0m█[38;5;232;48;5;0m█[38;5;218;48;5;0m█[38;5;218;48;5;0m█[38;5;168;48;5;0m█[38;5;168;48;5;0m█[38;5;232;48;5;0m█[38;5;232;48;5;0m█[38;5;218;48;5;0m█[38;5;218;48;5;0m█[38;5;218;48;5;0m█[38;5;218;48;5;0m█[38;5;168;48;5;0m█[38;5;168;48;5;0m█[38;5;232;48;5;0m█[38;5;232;48;5;0m█[38;5;7;48;5;0m [38;5;7;48;5;0m [38;5;7;48;5;0m [38;5;7;48;5;0m 
[38;5;7;48;5;0m [38;5;7;48;5;0m [38;5;232;48;5;0m█[38;5;232;48;5;0m█[38;5;168;48;5;0m█[38;5;168;48;5;0m█[38;5;218;48;5;0m█[38;5;218;48;5;0m█[38;5;211;48;5;0m█[38;5;211;48;5;0m█[38;5;218;48;5;0m█[38;5;218;48;5;0m█[38;5;218;48;5;0m█[38;5;218;48;5;0m█[38;5;218;48;5;0m█[38;5;218;48;5;0m█[38;5;218;48;5;0m█[38;5;218;48;5;0m█[38;5;168;48;5;0m█[38;5;168;48;5;0m█[38;5;232;48;5;0m█[38;5;232;48;5;0m█[38;5;218;48;5;0m█[38;5;218;48;5;0m█[38;5;204;48;5;0m█[38;5;204;48;5;0m█[38;5;232;48;5;0m█[38;5;232;48;5;0m█[38;5;218;48;5;0m█[38;5;218;48;5;0m█[38;5;218;48;5;0m█[38;5;218;48;5;0m█[38;5;211;48;5;0m█[38;5;211;48;5;0m█[38;5;232;48;5;0m█[38;5;232;48;5;0m█[38;5;232;48;5;0m█[38;5;232;48;5;0m█[38;5;7;48;5;0m [38;5;7;48;5;0m 
[38;5;232;48;5;0m█[38;5;232;48;5;0m█[38;5;52;48;5;0m█[38;5;52;48;5;0m█[38;5;218;48;5;0m█[38;5;218;48;5;0m█[38;5;218;48;5;0m█[38;5;218;48;5;0m█[38;5;218;48;5;0m█[38;5;218;48;5;0m█[38;5;218;48;5;0m█[38;5;218;48;5;0m█[38;5;218;48;5;0m█[38;5;218;48;5;0m█[38;5;198;48;5;0m█[38;5;198;48;5;0m█[38;5;198;48;5;0m█[38;5;198;48;5;0m█[38;5;204;48;5;0m█[38;5;204;48;5;0m█[38;5;232;48;5;0m█[38;5;232;48;5;0m█[38;5;218;48;5;0m█[38;5;218;48;5;0m█[38;5;218;48;5;0m█[38;5;218;48;5;0m█[38;5;232;48;5;0m█[38;5;232;48;5;0m█[38;5;198;48;5;0m█[38;5;198;48;5;0m█[38;5;211;48;5;0m█[38;5;211;48;5;0m█[38;5;218;48;5;0m█[38;5;218;48;5;0m█[38;5;211;48;5;0m█[38;5;211;48;5;0m█[38;5;52;48;5;0m█[38;5;52;48;5;0m█[38;5;232;48;5;0m█[38;5;232;48;5;0m█
[38;5;232;48;5;0m█[38;5;232;48;5;0m█[38;5;218;48;5;0m█[38;5;218;48;5;0m█[38;5;218;48;5;0m█[38;5;218;48;5;0m█[38;5;218;48;5;0m█[38;5;218;48;5;0m█[38;5;218;48;5;0m█[38;5;218;48;5;0m█[38;5;218;48;5;0m█[38;5;218;48;5;0m█[38;5;218;48;5;0m█[38;5;218;48;5;0m█[38;5;218;48;5;0m█[38;5;218;48;5;0m█[38;5;218;48;5;0m█[38;5;218;48;5;0m█[38;5;218;48;5;0m█[38;5;218;48;5;0m█[38;5;218;48;5;0m█[38;5;218;48;5;0m█[38;5;218;48;5;0m█[38;5;218;48;5;0m█[38;5;218;48;5;0m█[38;5;218;48;5;0m█[38;5;218;48;5;0m█[38;5;218;48;5;0m█[38;5;218;48;5;0m█[38;5;218;48;5;0m█[38;5;218;48;5;0m█[38;5;218;48;5;0m█[38;5;211;48;5;0m█[38;5;211;48;5;0m█[38;5;211;48;5;0m█[38;5;211;48;5;0m█[38;5;218;48;5;0m█[38;5;218;48;5;0m█[38;5;232;48;5;0m█[38;5;232;48;5;0m█
[38;5;232;48;5;0m█[38;5;232;48;5;0m█[38;5;204;48;5;0m█[38;5;204;48;5;0m█[38;5;218;48;5;0m█[38;5;218;48;5;0m█[38;5;211;48;5;0m█[38;5;211;48;5;0m█[38;5;204;48;5;0m█[38;5;204;48;5;0m█[38;5;211;48;5;0m█[38;5;211;48;5;0m█[38;5;218;48;5;0m█[38;5;218;48;5;0m█[38;5;218;48;5;0m█[38;5;218;48;5;0m█[38;5;218;48;5;0m█[38;5;218;48;5;0m█[38;5;218;48;5;0m█[38;5;218;48;5;0m█[38;5;218;48;5;0m█[38;5;218;48;5;0m█[38;5;218;48;5;0m█[38;5;218;48;5;0m█[38;5;124;48;5;0m█[38;5;124;48;5;0m█[38;5;218;48;5;0m█[38;5;218;48;5;0m█[38;5;218;48;5;0m█[38;5;218;48;5;0m█[38;5;218;48;5;0m█[38;5;218;48;5;0m█[38;5;211;48;5;0m█[38;5;211;48;5;0m█[38;5;204;48;5;0m█[38;5;204;48;5;0m█[38;5;204;48;5;0m█[38;5;204;48;5;0m█[38;5;232;48;5;0m█[38;5;232;48;5;0m█
[38;5;232;48;5;0m█[38;5;232;48;5;0m█[38;5;125;48;5;0m█[38;5;125;48;5;0m█[38;5;204;48;5;0m█[38;5;204;48;5;0m█[38;5;204;48;5;0m█[38;5;204;48;5;0m█[38;5;204;48;5;0m█[38;5;204;48;5;0m█[38;5;204;48;5;0m█[38;5;204;48;5;0m█[38;5;211;48;5;0m█[38;5;211;48;5;0m█[38;5;218;48;5;0m█[38;5;218;48;5;0m█[38;5;218;48;5;0m█[38;5;218;48;5;0m█[38;5;218;48;5;0m█[38;5;218;48;5;0m█[38;5;218;48;5;0m█[38;5;218;48;5;0m█[38;5;218;48;5;0m█[38;5;218;48;5;0m█[38;5;218;48;5;0m█[38;5;218;48;5;0m█[38;5;218;48;5;0m█[38;5;218;48;5;0m█[38;5;218;48;5;0m█[38;5;218;48;5;0m█[38;5;218;48;5;0m█[38;5;218;48;5;0m█[38;5;168;48;5;0m█[38;5;168;48;5;0m█[38;5;168;48;5;0m█[38;5;168;48;5;0m█[38;5;52;48;5;0m█[38;5;52;48;5;0m█[38;5;232;48;5;0m█[38;5;232;48;5;0m█
[38;5;7;48;5;0m [38;5;7;48;5;0m [38;5;232;48;5;0m█[38;5;232;48;5;0m█[38;5;232;48;5;0m█[38;5;232;48;5;0m█[38;5;52;48;5;0m█[38;5;52;48;5;0m█[38;5;168;48;5;0m█[38;5;168;48;5;0m█[38;5;204;48;5;0m█[38;5;204;48;5;0m█[38;5;204;48;5;0m█[38;5;204;48;5;0m█[38;5;211;48;5;0m█[38;5;211;48;5;0m█[38;5;218;48;5;0m█[38;5;218;48;5;0m█[38;5;218;48;5;0m█[38;5;218;48;5;0m█[38;5;218;48;5;0m█[38;5;218;48;5;0m█[38;5;218;48;5;0m█[38;5;218;48;5;0m█[38;5;218;48;5;0m█[38;5;218;48;5;0m█[38;5;218;48;5;0m█[38;5;218;48;5;0m█[38;5;218;48;5;0m█[38;5;218;48;5;0m█[38;5;218;48;5;0m█[38;5;218;48;5;0m█[38;5;125;48;5;0m█[38;5;125;48;5;0m█[38;5;52;48;5;0m█[38;5;52;48;5;0m█[38;5;232;48;5;0m█[38;5;232;48;5;0m█[38;5;7;48;5;0m [38;5;7;48;5;0m 
[38;5;7;48;5;0m [38;5;7;48;5;0m [38;5;7;48;5;0m [38;5;7;48;5;0m [38;5;232;48;5;0m█[38;5;232;48;5;0m█[38;5;161;48;5;0m█[38;5;161;48;5;0m█[38;5;161;48;5;0m█[38;5;161;48;5;0m█[38;5;168;48;5;0m█[38;5;168;48;5;0m█[38;5;204;48;5;0m█[38;5;204;48;5;0m█[38;5;204;48;5;0m█[38;5;204;48;5;0m█[38;5;204;48;5;0m█[38;5;204;48;5;0m█[38;5;211;48;5;0m█[38;5;211;48;5;0m█[38;5;211;48;5;0m█[38;5;211;48;5;0m█[38;5;211;48;5;0m█[38;5;211;48;5;0m█[38;5;204;48;5;0m█[38;5;204;48;5;0m█[38;5;204;48;5;0m█[38;5;204;48;5;0m█[38;5;204;48;5;0m█[38;5;204;48;5;0m█[38;5;168;48;5;0m█[38;5;168;48;5;0m█[38;5;124;48;5;0m█[38;5;124;48;5;0m█[38;5;232;48;5;0m█[38;5;232;48;5;0m█[38;5;7;48;5;0m [38;5;7;48;5;0m [38;5;7;48;5;0m [38;5;7;48;5;0m 
[38;5;7;48;5;0m [38;5;7;48;5;0m [38;5;232;48;5;0m█[38;5;232;48;5;0m█[38;5;198;48;5;0m█[38;5;198;48;5;0m█[38;5;255;48;5;0m█[38;5;255;48;5;0m█[38;5;198;48;5;0m█[38;5;198;48;5;0m█[38;5;198;48;5;0m█[38;5;198;48;5;0m█[38;5;198;48;5;0m█[38;5;198;48;5;0m█[38;5;168;48;5;0m█[38;5;168;48;5;0m█[38;5;204;48;5;0m█[38;5;204;48;5;0m█[38;5;204;48;5;0m█[38;5;204;48;5;0m█[38;5;204;48;5;0m█[38;5;204;48;5;0m█[38;5;204;48;5;0m█[38;5;204;48;5;0m█[38;5;204;48;5;0m█[38;5;204;48;5;0m█[38;5;204;48;5;0m█[38;5;204;48;5;0m█[38;5;124;48;5;0m█[38;5;124;48;5;0m█[38;5;198;48;5;0m█[38;5;198;48;5;0m█[38;5;198;48;5;0m█[38;5;198;48;5;0m█[38;5;198;48;5;0m█[38;5;198;48;5;0m█[38;5;232;48;5;0m█[38;5;232;48;5;0m█[38;5;7;48;5;0m [38;5;7;48;5;0m 
[38;5;232;48;5;0m█[38;5;232;48;5;0m█[38;5;124;48;5;0m█[38;5;124;48;5;0m█[38;5;198;48;5;0m█[38;5;198;48;5;0m█[38;5;198;48;5;0m█[38;5;198;48;5;0m█[38;5;198;48;5;0m█[38;5;198;48;5;0m█[38;5;198;48;5;0m█[38;5;198;48;5;0m█[38;5;198;48;5;0m█[38;5;198;48;5;0m█[38;5;161;48;5;0m█[38;5;161;48;5;0m█[38;5;168;48;5;0m█[38;5;168;48;5;0m█[38;5;204;48;5;0m█[38;5;204;48;5;0m█[38;5;204;48;5;0m█[38;5;204;48;5;0m█[38;5;204;48;5;0m█[38;5;204;48;5;0m█[38;5;168;48;5;0m█[38;5;168;48;5;0m█[38;5;124;48;5;0m█[38;5;124;48;5;0m█[38;5;161;48;5;0m█[38;5;161;48;5;0m█[38;5;198;48;5;0m█[38;5;198;48;5;0m█[38;5;198;48;5;0m█[38;5;198;48;5;0m█[38;5;198;48;5;0m█[38;5;198;48;5;0m█[38;5;52;48;5;0m█[38;5;52;48;5;0m█[38;5;232;48;5;0m█[38;5;232;48;5;0m█
[38;5;232;48;5;0m█[38;5;232;48;5;0m█[38;5;124;48;5;0m█[38;5;124;48;5;0m█[38;5;161;48;5;0m█[38;5;161;48;5;0m█[38;5;161;48;5;0m█[38;5;161;48;5;0m█[38;5;161;48;5;0m█[38;5;161;48;5;0m█[38;5;161;48;5;0m█[38;5;161;48;5;0m█[38;5;161;48;5;0m█[38;5;161;48;5;0m█[38;5;161;48;5;0m█[38;5;161;48;5;0m█[38;5;124;48;5;0m█[38;5;124;48;5;0m█[38;5;232;48;5;0m█[38;5;232;48;5;0m█[38;5;232;48;5;0m█[38;5;232;48;5;0m█[38;5;124;48;5;0m█[38;5;124;48;5;0m█[38;5;124;48;5;0m█[38;5;124;48;5;0m█[38;5;124;48;5;0m█[38;5;124;48;5;0m█[38;5;161;48;5;0m█[38;5;161;48;5;0m█[38;5;161;48;5;0m█[38;5;161;48;5;0m█[38;5;161;48;5;0m█[38;5;161;48;5;0m█[38;5;161;48;5;0m█[38;5;161;48;5;0m█[38;5;52;48;5;0m█[38;5;52;48;5;0m█[38;5;232;48;5;0m█[38;5;232;48;5;0m█
[38;5;7;48;5;0m [38;5;7;48;5;0m [38;5;232;48;5;0m█[38;5;232;48;5;0m█[38;5;232;48;5;0m█[38;5;232;48;5;0m█[38;5;232;48;5;0m█[38;5;232;48;5;0m█[38;5;232;48;5;0m█[38;5;232;48;5;0m█[38;5;232;48;5;0m█[38;5;232;48;5;0m█[38;5;232;48;5;0m█[38;5;232;48;5;0m█[38;5;232;48;5;0m█[38;5;232;48;5;0m█[38;5;232;48;5;0m█[38;5;232;48;5;0m█[38;5;7;48;5;0m [38;5;7;48;5;0m [38;5;7;48;5;0m [38;5;7;48;5;0m [38;5;232;48;5;0m█[38;5;232;48;5;0m█[38;5;232;48;5;0m█[38;5;232;48;5;0m█[38;5;232;48;5;0m█[38;5;232;48;5;0m█[38;5;232;48;5;0m█[38;5;232;48;5;0m█[38;5;232;48;5;0m█[38;5;232;48;5;0m█[38;5;232;48;5;0m█[38;5;232;48;5;0m█[38;5;232;48;5;0m█[38;5;232;48;5;0m█[38;5;232;48;5;0m█[38;5;232;48;5;0m█[38;5;7;48;5;0m [38;5;7;48;5;0m 
[0m