[0m        [38;2;33;47;80m▄[38;2;122;146;215;48;2;50;67;110m▄[38;2;147;171;245;48;2;68;92;150m▄[38;2;130;156;231m▄[0m[38;2;71;97;164m▄[0m [38;2;96;125;205m▄▄▄▄▄[38;2;84;114;192m▄[38;2;39;56;98m▄[0m                 
        [38;2;33;47;80;48;2;33;47;80m▄[38;2;97;121;184;48;2;100;123;188m▄[38;2;138;161;233;48;2;139;163;235m▄[38;2;159;192;245;48;2;110;137;215m▄[38;2;170;210;245;48;2;111;146;210m▄[38;2;171;212;245;48;2;113;148;210m▄[48;2;156;187;245m▄[38;2;170;210;245;48;2;155;184;245m▄[38;2;157;189;245;48;2;147;171;245m▄[38;2;147;171;245m▄[38;2;135;160;235;48;2;136;161;236m▄[38;2;131;156;232;48;2;110;135;206m▄[38;2;119;143;212;48;2;94;117;181m▄[38;2;102;128;201m▄[38;2;135;160;236m▄[38;2;84;108;169;48;2;42;55;88m▄[0m[38;2;36;52;88m▄[38;2;33;47;80m▄[0m            
       [38;2;35;47;75m▄[38;2;151;153;157;48;2;34;47;77m▄[38;2;124;145;202;48;2;81;104;168m▄[38;2;127;153;229;48;2;134;159;235m▄[38;2;150;176;245;48;2;168;206;245m▄[38;2;168;207;245;48;2;171;212;245m▄[38;2;171;212;245m▄[38;2;168;207;245m▄[38;2;150;177;245m▄[38;2;149;175;245;48;2;164;201;245m▄[38;2;147;171;245;48;2;147;171;245m▄▄▄[38;2;145;170;244;48;2;122;149;220m▄[38;2;128;157;229;48;2;80;108;175m▄[38;2;138;164;238;48;2;123;148;220m▄[38;2;95;124;204;48;2;91;119;193m▄[38;2;115;148;223;48;2;97;127;196m▄[38;2;122;155;229;48;2;102;132;200m▄[38;2;116;147;219;48;2;38;54;92m▄[38;2;107;137;206;48;2;33;46;79m▄[0m[38;2;42;60;103m▄[0m         
    [38;2;93;121;197m▄[38;2;147;171;245;48;2;83;112;189m▄[48;2;101;131;206m▄[48;2;79;96;138m▄[38;2;137;162;237;48;2;56;61;76m▄[38;2;142;166;241;48;2;123;142;200m▄[38;2;147;171;245;48;2;146;170;244m▄[48;2;147;171;245m▄[48;2;148;173;245m▄▄[38;2;137;162;237;48;2;147;172;244m▄[38;2;65;93;164;48;2;128;153;228m▄[38;2;72;72;72;48;2;74;95;152m▄[38;2;148;148;148;48;2;76;87;116m▄[38;2;75;86;120;48;2;105;131;205m▄[38;2;147;171;245;48;2;147;171;245m▄▄[48;2;146;171;245m▄[38;2;143;168;242;48;2;147;171;245m▄[38;2;127;158;232;48;2;128;158;232m▄[38;2;122;155;229;48;2;122;155;229m▄▄▄▄[48;2;112;144;215m▄[38;2;105;135;204;48;2;50;69;112m▄[0m[38;2;41;58;98m▄[0m       
    [38;2;38;54;93;48;2;75;100;163m▄[38;2;80;106;174;48;2;129;155;231m▄[38;2;100;124;189;48;2;147;171;245m▄[38;2;89;106;155m▄[38;2;79;91;127;48;2;124;151;227m▄[48;2;136;161;236m▄[38;2;95;115;173;48;2;147;171;245m▄[38;2;107;135;211m▄[38;2;113;140;218;48;2;120;147;224m▄[38;2;147;171;245;48;2;147;171;245m▄[48;2;142;166;241m▄[38;2;141;165;238;48;2;97;123;194m▄[38;2;102;124;184;48;2;29;38;58m▄[38;2;98;117;171;48;2;24;28;41m▄[38;2;128;154;230;48;2;89;108;163m▄[38;2;131;156;232;48;2;147;171;245m▄[38;2;116;147;223;48;2;141;167;241m▄[38;2;122;155;229;48;2;136;164;238m▄[48;2;126;158;232m▄[48;2;122;155;229m▄[38;2;134;162;236m▄[38;2;205;225;248;48;2;141;177;235m▄[38;2;254;254;254;48;2;183;200;240m▄[38;2;249;251;253;48;2;178;198;240m▄[38;2;204;224;248;48;2;141;177;235m▄[38;2;132;161;235;48;2;113;144;216m▄[38;2;104;134;204;48;2;69;93;146m▄[0m[38;2;33;47;80m▄[0m      
     [38;2;147;159;188;48;2;123;138;176m▄[38;2;171;172;175;48;2;177;196;221m▄[38;2;92;51;50;48;2;73;90;108m▄[38;2;124;47;39;48;2;66;30;26m▄[38;2;130;49;41;48;2;101;40;34m▄[48;2;108;53;59m▄[48;2;115;63;80m▄[38;2;118;45;37;48;2;64;62;85m▄[38;2;60;65;83;48;2;147;171;245m▄[38;2;96;126;204m▄[38;2;126;157;230m▄[38;2;115;146;221m▄[38;2;79;102;164m▄[38;2;83;82;83;48;2;139;166;240m▄[38;2;145;136;111;48;2;100;129;198m▄[38;2;209;198;169;48;2;96;127;196m▄[38;2;188;179;160;48;2;122;155;229m▄[38;2;133;154;201m▄[38;2;122;155;229m▄[38;2;126;158;232;48;2;143;169;243m▄[38;2;148;176;243;48;2;187;216;247m▄[38;2;167;186;246;48;2;254;254;254m▄[38;2;165;185;246;48;2;246;250;253m▄[38;2;148;176;243;48;2;187;216;247m▄[38;2;125;157;231;48;2;140;167;241m▄[38;2;122;155;229;48;2;117;150;222m▄[38;2;80;100;146;48;2;67;86;127m▄[0m[38;2;9;10;13m▄[0m     
    [38;2;208;192;142m▄[38;2;245;229;188;48;2;126;115;87m▄[38;2;196;155;127;48;2;90;52;44m▄[38;2;130;49;41;48;2;130;49;41m▄▄▄▄▄▄[38;2;187;186;186;48;2;253;254;254m▄[38;2;69;30;26;48;2;144;176;203m▄[38;2;130;49;41;48;2;34;20;19m▄▄[38;2;165;106;87;48;2;102;87;73m▄[38;2;245;229;188;48;2;245;229;188m▄▄▄▄[48;2;195;179;138m▄[38;2;206;190;149;48;2;141;155;191m▄[38;2;133;158;215;48;2;123;155;227m▄[38;2;122;155;229;48;2;122;155;229m▄▄[38;2;129;163;231;48;2;123;156;229m▄[38;2;171;212;245;48;2;128;162;231m▄[38;2;158;196;241;48;2;127;160;230m▄[38;2;118;151;225;48;2;122;155;229m▄[38;2;93;126;205;48;2;96;126;194m▄[38;2;49;68;118;48;2;34;49;83m▄[0m     
    [38;2;188;172;130;48;2;188;172;130m▄[38;2;245;229;188;48;2;245;229;188m▄[48;2;217;187;153m▄[38;2;181;131;108;48;2;151;84;70m▄[38;2;130;49;41;48;2;130;49;41m▄▄[38;2;167;60;44m▄[38;2;181;64;46m▄▄[48;2;68;30;26m▄[48;2;130;49;41m▄[38;2;174;62;45m▄[38;2;130;49;41m▄[38;2;165;106;87;48;2;165;106;87m▄[38;2;245;229;188;48;2;245;229;188m▄▄▄▄▄▄[38;2;219;203;162;48;2;156;164;185m▄[38;2;135;161;219;48;2;124;155;223m▄[38;2;122;155;229;48;2;122;155;229m▄[48;2;126;160;230m▄[48;2;152;190;239m▄[48;2;144;181;236m▄[38;2;108;141;217;48;2;108;141;217m▄[38;2;73;105;188;48;2;73;105;188m▄[38;2;49;68;118;48;2;49;68;118m▄[0m     
    [38;2;154;138;98;48;2;188;172;130m▄[38;2;245;229;188;48;2;245;229;188m▄▄[48;2;226;201;165m▄[38;2;239;221;182;48;2;165;106;88m▄[38;2;169;103;84;48;2;171;61;45m▄[38;2;144;57;44;48;2;218;92;61m▄[38;2;224;106;69;48;2;229;102;66m▄[38;2;237;114;73m▄▄[38;2;225;107;69m▄[38;2;143;57;45;48;2;215;94;62m▄[38;2;164;104;86;48;2;154;88;73m▄[38;2;245;229;188;48;2;221;194;159m▄[48;2;245;229;188m▄▄▄▄▄▄▄[38;2;238;222;181;48;2;164;161;153m▄[38;2;123;156;229;48;2;122;155;229m▄[38;2;147;174;243m▄[38;2;163;201;243m▄[38;2;125;152;228;48;2;113;146;221m▄[38;2;73;105;188;48;2;85;117;197m▄[48;2;73;105;188m▄[38;2;66;95;167;48;2;61;87;153m▄[0m[38;2;33;44;71m▄[38;2;13;13;13m▄[0m   
 [38;2;143;127;88m▄[38;2;160;144;105m▄[38;2;234;218;172;48;2;129;114;73m▄[38;2;192;176;123;48;2;158;142;100m▄[38;2;194;177;136;48;2;236;220;179m▄[38;2;238;222;181;48;2;243;227;186m▄[38;2;245;229;188;48;2;245;229;188m▄▄[48;2;244;228;187m▄[48;2;244;227;187m▄[48;2;169;111;91m▄[48;2;156;88;72m▄▄[48;2;155;88;72m▄[48;2;167;110;91m▄[48;2;244;228;187m▄[48;2;245;229;188m▄▄▄▄▄▄▄[38;2;242;225;184m▄[38;2;231;214;173;48;2;243;226;185m▄[38;2;76;107;188;48;2;77;108;189m▄[38;2;171;212;245;48;2;171;211;245m▄[48;2;171;212;245m▄[38;2;145;183;229;48;2;144;183;229m▄[38;2;73;105;188;48;2;73;105;188m▄[38;2;66;95;167;48;2;72;103;185m▄[38;2;64;92;160;48;2;66;95;166m▄[38;2;73;105;188;48;2;91;120;189m▄[38;2;64;91;160;48;2;89;120;196m▄[38;2;50;65;99;48;2;32;42;68m▄[0m[38;2;46;56;79m▄▄▄[0m
[7m[38;2;107;91;52m▄[0m[38;2;175;159;117;48;2;242;226;184m▄[38;2;204;188;130;48;2;226;210;161m▄[48;2;220;204;153m▄[38;2;192;176;123;48;2;192;176;123m▄[38;2;176;160;118;48;2;195;179;138m▄[38;2;212;196;155;48;2;241;225;184m▄[38;2;241;225;184;48;2;245;229;188m▄[38;2;245;229;188m▄▄▄▄▄▄▄▄▄▄▄▄[38;2;240;224;183m▄[38;2;236;220;179m▄[38;2;231;214;173;48;2;240;223;182m▄[38;2;219;203;155;48;2;238;221;180m▄[38;2;215;199;149;48;2;230;213;172m▄[38;2;206;190;133;48;2;219;202;155m▄[38;2;75;106;188;48;2;75;106;188m▄[38;2;99;131;208;48;2;151;189;239m▄[38;2;115;151;213;48;2;168;208;244m▄[38;2;89;122;201;48;2;128;164;224m▄[38;2;71;102;182;48;2;71;102;182m▄[38;2;69;99;176;48;2;65;94;164m▄[38;2;73;105;188;48;2;68;98;173m▄[38;2;64;92;160;48;2;69;99;175m▄[38;2;62;89;154;48;2;61;87;150m▄[38;2;71;102;182;48;2;87;117;189m▄[38;2;89;121;201;48;2;116;149;224m▄[38;2;96;128;207;48;2;122;155;229m▄[38;2;51;68;115;48;2;103;135;213m▄[0m[7m[38;2;17;18;21m▄[0m
  [7m[38;2;62;58;44m▄[38;2;107;99;71m▄[0m[38;2;52;49;37;48;2;201;185;128m▄[38;2;78;70;46;48;2;181;165;116m▄[38;2;115;99;59;48;2;184;168;121m▄[38;2;171;155;106;48;2;223;207;160m▄[38;2;208;192;137;48;2;233;216;175m▄[38;2;222;206;160m▄[38;2;230;213;172;48;2;242;226;185m▄[38;2;231;214;172;48;2;245;229;188m▄▄▄▄[38;2;230;214;172m▄[38;2;230;213;172m▄[38;2;231;214;173;48;2;242;225;184m▄[38;2;229;212;170;48;2;233;216;175m▄[38;2;219;203;156m▄[38;2;208;192;137;48;2;231;214;173m▄[38;2;206;190;133;48;2;218;202;153m▄[38;2;204;188;130;48;2;210;194;140m▄[48;2;206;190;133m▄[48;2;204;188;130m▄[38;2;203;187;129m▄[38;2;75;106;188;48;2;75;106;188m▄[38;2;73;105;188;48;2;73;105;188m▄▄[38;2;69;99;176m▄[38;2;64;92;160m▄[38;2;73;105;188m▄[38;2;72;104;185;48;2;68;97;172m▄[48;2;66;94;165m▄[38;2;73;105;188;48;2;71;103;183m▄[38;2;73;104;187;48;2;73;105;188m▄[38;2;72;103;185m▄[38;2;33;44;73m▄[0m[7m[38;2;24;30;44m▄[0m
       [7m[38;2;123;114;80m▄[0m[38;2;108;98;70;48;2;199;183;127m▄[38;2;167;153;107;48;2;203;187;129m▄[38;2;178;162;110;48;2;204;188;130m▄[38;2;152;140;97m▄[38;2;197;181;126m▄[38;2;204;188;130m▄▄[38;2;202;186;131;48;2;199;183;128m▄[38;2;202;185;145;48;2;189;172;131m▄[38;2;229;212;171;48;2;229;212;171m▄[38;2;219;202;154;48;2;219;202;154m▄[38;2;204;188;130;48;2;204;188;130m▄[38;2;149;133;86;48;2;198;183;126m▄[38;2;163;147;97;48;2;200;184;127m▄[38;2;204;188;130;48;2;204;188;130m▄▄[38;2;193;177;123m▄[38;2;91;115;179;48;2;161;149;119m▄[38;2;68;97;172;48;2;74;105;188m▄[38;2;53;75;131;48;2;73;105;187m▄[38;2;40;57;98;48;2;69;100;177m▄[38;2;56;78;137;48;2;63;90;157m▄[48;2;73;105;188m▄▄▄[38;2;45;64;111;48;2;72;103;185m▄[38;2;22;30;47;48;2;69;100;178m▄[0m[7m[38;2;55;79;137m▄[38;2;24;31;47m▄[0m 
          [7m[38;2;70;61;38m▄[38;2;17;16;12m▄[38;2;144;131;87m▄[38;2;165;149;99m▄[38;2;137;126;88m▄[38;2;133;121;83m▄[0m[38;2;72;64;42;48;2;142;126;86m▄[38;2;178;161;122;48;2;229;212;171m▄[38;2;225;208;165;48;2;219;202;154m▄[38;2;213;197;145;48;2;204;188;130m▄[38;2;204;188;130;48;2;173;157;105m▄[38;2;101;94;67;48;2;144;131;88m▄[38;2;74;69;51;48;2;185;171;118m▄[38;2;71;65;46;48;2;192;176;123m▄[0m[7m[38;2;133;129;119m▄[38;2;75;99;161m▄[38;2;33;47;80m▄[38;2;7;7;7m▄[0m [7m[38;2;9;9;9m▄▄▄▄[0m     
                  [7m[38;2;181;164;125m▄[0m[38;2;120;104;65;48;2;226;209;166m▄[38;2;118;102;62;48;2;212;196;143m▄[0m[7m[38;2;135;122;80m▄[0m                
